483
472
474
477
473
472
470
476
475
476
474
480
471
473
473
480
478
480
476
478
477
473
475
481
473
479
475
471
476
476
472
475
483
476
481
477
475
483
484
476
476
464
475
477
471
473
481
470
476
470
472
469
472
479
472
490
472
478
474
479
474
478
480
475
473
483
473
477
462
478
471
480
480
473
470
473
475
473
466
486
473
474
476
474
469
471
481
473
479
479
470
480
472
483
465
478
484
474
481
478
475
476
468
480
480
479
467
472
473
460
476
476
469
478
478
489
470
478
481
484
473
480
480
471
478
475
476
476
471
491
480
475
479
471
476
477
478
475
475
472
476
474
480
477
480
475
479
473
475
472
482
471
476
483
485
476
478
473
476
476
474
476
480
480
472
474
483
473
480
479
478
473
475
475
475
479
468
481
474
470
476
478
466
470
488
473
480
479
472
477
480
470
470
479
476
470
467
475
474
473
480
460
472
476
481
487
475
476
481
473
480
479
474
475
484
473
468
476
471
475
477
480
472
479
471
480
479
476
479
486
472
472
473
479
476
475
473
480
479
478
472
483
471
472
468
473
479
479
484
483
469
472
474
478
479
487
472
475
483
481
473
483
482
489
467
476
478
484
492
483
484
463
480
486
474
475
476
473
485
476
478
474
476
481
478
473
473
478
480
478
470
476
480
479
475
476
475
479
480
473
479
477
476
480
478
474
470
477
475
475
475
479
476
475
482
481
478
479
480
467
470
478
472
473
485
475
480
472
487
478
474
483
474
475
487
473
480
466
482
474
475
474
476
476
489
475
478
486
489
468
480
471
480
480
475
476
478
483
476
479
470
473
482
475
475
480
472
477
476
458
482
470
485
481
479
475
472
473
481
477
480
476
477
476
475
476
477
472
481
464
479
478
467
471
482
475
464
476
477
466
479
476
484
470
467
474
472
481
480
484
477
482
480
463
481
475
469
478
482
475
480
478
478
480
479
477
472
475
475
478
479
476
476
478
477
473
476
479
475
477
475
479
474
472
481
473
475
478
478
478
467
480
476
478
472
482
474
477
479
471
474
484
480
490
472
475
481
473
476
479
471
486
471
472
478
472
484
483
478
470
485
472
468
483
479
473
473
480
486
478
478
471
474
481
473
472
475
480
473
485
474
479
480
477
480
474
470
473
475
474
476
476
476
475
481
478
481
476
474
477
472
472
476
477
481
476
476
475
472
476
480
479
484
478
470
470
474
475
474
470
474
483
471
476
477
481
479
472
470
482
478
465
476
466
484
486
468
476
484
483
475
476
473
483
473
472
478
472
479
475
476
476
473
476
476
472
474
479
476
475
485
479
477
477
473
477
477
479
478
480
478
475
475
478
476
479
472
476
479
471
480
475
476
473
478
476
473
481
476
475
467
480
479
477
472
480
465
471
481
483
480
481
483
475
475
480
467
480
471
474
485
465
485
476
481
480
467
465
467
472
474
464
473
484
476
482
474
472
476
478
478
472
483
477
475
472
471
476
479
475
473
489
473
465
476
474
474
479
476
474
471
473
479
479
475
476
468
468
476
469
474
470
476
484
478
471
473
484
474
474
471
475
480
479
489
476
484
483
475
471
478
475
485
475
475
473
472
486
485
470
471
479
475
475
480
476
475
475
475
476
474
476
479
475
480
478
475
475
479
483
476
479
481
478
474
476
473
475
473
472
480
474
479
475
472
475
475
478
474
477
470
478
476
476
475
469
485
480
479
475
472
474
471
476
477
487
473
477
472
467
470
468
465
472
466
473
482
474
473
472
477
471
472
476
473
478
470
472
471
481
479
473
481
480
476
475
483
478
481
475
480
474
467
474
492
478
481
480
474
484
464
484
483
479
470
472
478
464
481
478
472
477
480
488
470
479
467
480
468
475
467
477
477
472
478
467
471
467
474
477
470
477
475
467
476
465
476
481
462
466
477
472
469
480
472
478
476
473
480
480
476
477
474
479
477
480
476
471
470
473
479
479
477
472
476
476
472
475
475
476
478
473
477
473
472
473
475
477
474
476
472
481
478
467
476
482
472
478
467
468
486
479
468
473
480
473
484
472
480
474
476
472
465
481
475
473
476
467
463
476
462
490
477
482
470
471
470
473
473
476
480
478
465
472
476
472
472
482
478
474
480
475
476
475
477
470
476
479
472
473
473
477
499
480
467
460
475
473
476
471
467
477
482
476
472
476
476
464
468
472
468
475
472
473
469
477
473
483
469
482
478
478
472
482
467
487
477
484
475
470
467
477
468
482
475
476
475
471
475
479
475
476
471
478
477
473
478
472
477
478
477
478
476
473
473
475
472
480
476
473
479
474
472
475
479
476
472
478
473
474
480
466
472
477
467
476
473
473
472
468
484
462
464
475
460
474
466
480
478
468
473
463
470
480
468
483
474
467
469
473
468
468
476
467
475
475
477
476
476
480
480
479
477
483
476
464
467
474
474
466
472
468
468
475
477
470
478
478
472
472
468
484
478
469
474
482
467
470
478
480
476
483
474
470
472
474
475
469
471
474
475
463
484
467
477
476
475
472
472
483
478
479
475
475
475
472
472
472
469
471
470
476
478
475
473
474
472
472
475
473
479
481
475
475
473
472
474
464
473
476
474
476
477
476
477
473
472
473
476
472
468
469
469
471
467
467
475
473
479
464
480
465
480
471
468
475
482
474
471
475
485
465
472
474
475
467
489
480
472
467
477
480
475
472
467
474
471
472
468
465
466
472
474
474
476
469
465
466
468
465
473
473
474
473
483
472
448
479
474
474
472
463
465
471
471
470
469
473
473
478
478
475
467
467
475
465
483
470
480
465
472
467
467
472
472
476
474
472
467
477
473
468
469
462
475
471
466
467
471
467
457
469
477
466
479
475
474
477
468
467
467
475
479
475
473
470
467
474
470
473
474
471
475
472
466
472
476
468
473
472
473
468
470
479
472
472
472
471
473
475
468
467
468
468
467
473
468
467
468
471
481
467
465
464
469
468
472
475
466
471
467
470
470
476
474
480
467
465
473
468
471
472
474
470
483
471
467
467
477
477
480
469
469
465
461
471
468
473
478
478
463
468
471
471
471
470
473
483
469
475
478
481
473
476
468
471
470
471
465
474
471
472
464
470
483
464
474
475
473
474
467
476
474
470
480
472
472
478
477
479
468
470
474
462
464
474
467
472
477
479
464
460
469
476
460
460
465
460
469
481
471
467
466
473
461
470
473
468
479
473
467
463
467
468
472
473
470
473
475
470
467
468
465
474
464
473
477
469
471
471
467
470
472
478
475
470
470
468
472
471
470
472
472
471
471
471
469
465
472
468
475
472
476
468
474
469
470
474
460
473
468
481
470
469
475
464
463
463
476
468
463
461
464
467
462
479
469
474
471
481
477
477
467
472
453
466
469
470
465
487
480
468
476
475
467
464
476
475
465
471
465
473
471
467
476
472
473
468
468
467
469
473
472
471
471
472
472
465
472
468
476
477
471
479
476
466
472
467
469
467
469
465
467
474
480
471
476
472
468
468
464
478
468
472
476
465
472
466
467
473
471
466
473
467
467
464
471
470
466
462
467
471
471
470
465
468
476
476
463
468
470
471
463
470
468
478
467
466
461
467
471
469
475
468
466
465
470
462
471
465
469
472
465
473
470
469
469
472
470
471
469
472
472
468
470
476
467
472
470
467
468
462
467
472
467
469
472
465
463
468
468
468
463
469
472
468
475
471
466
471
467
469
472
465
476
469
474
473
472
469
474
477
466
469
472
476
476
477
470
473
468
467
476
468
474
470
483
466
471
469
468
469
467
474
463
470
468
470
466
475
479
474
471
471
479
471
468
473
464
477
467
468
473
469
472
472
467
470
468
470
467
473
466
470
455
464
468
468
469
466
471
462
474
456
468
470
466
466
471
472
470
473
468
472
479
464
468
468
471
465
470
456
462
465
460
470
478
467
458
471
472
479
477
466
471
470
475
463
464
476
481
479
479
464
476
470
464
470
472
469
461
471
472
464
468
471
467
467
469
467
466
470
468
468
462
475
467
475
465
465
472
467
473
465
470
466
470
468
468
473
467
470
469
467
473
470
467
472
464
466
464
469
468
474
471
474
476
464
469
471
464
476
467
480
470
467
470
473
470
463
455
468
466
478
471
469
470
474
468
468
468
480
468
466
470
473
472
466
468
461
466
464
455
464
465
470
470
459
466
463
466
467
467
464
479
467
464
465
467
475
471
464
472
468
469
475
461
467
465
472
474
467
459
462
462
467
475
466
464
467
460
488
468
463
460
469
476
478
479
479
468
467
465
466
467
475
480
470
456
472
480
464
465
464
476
472
456
472
460
467
462
468
471
472
468
467
468
466
473
470
469
462
470
465
467
470
472
467
468
469
470
467
472
469
460
470
467
467
470
464
471
471
472
470
467
465
463
467
471
468
469
468
464
462
464
471
473
470
466
467
459
476
467
471
475
475
473
467
462
464
462
480
476
473
463
470
469
484
462
470
470
468
461
468
464
471
472
465
462
467
465
468
464
459
467
471
467
470
472
470